【概述】
56.合并区间
1248.统计优美子数组

Ⅰ.数组与字符串
3.无重复字符的最长子串
4.寻找两个正序数组中的中位数
7. 三数之和
238. 除自身以外数组的乘积
415.字符串相加

Ⅱ.哈希表
974. 和可被 K 整除的子数组
146. LRU 缓存机制
560. 和为 K 的子数组

Ⅲ.并查集
200. 岛屿数量
990. 等式方程的可满足性

Ⅳ.动态规划
5. 最长回文子串
53. 最大子序和
42. 接雨水
1014. 最佳观光组合
121. 买卖股票的最佳时机
139. 单词拆分
70.爬楼梯

Ⅴ.查找类问题
199. 二叉树的右视图
46. 全排列
33. 搜索旋转排序数组
79. 单词搜索
297. 二叉树的序列化与反序列化
1300. 转变数组后最接近目标值的数组和

Ⅵ.排序
56. 合并区间
215. 数组中的第 K 个最大元素
347. 前 K 个高频元素

Ⅶ.链表
25. K 个一组翻转链表
206.反转链表
21.合并两个有序链表

Ⅷ.递归
124.二叉树中的最大路径和
22.括号生成
394. 字符串解码
236.二叉树的最近公共祖先

栈与队列
23. 合并 K 个升序链表
20. 有效的括号


3,8,0,1,8,3,0,2,2,8,8,3,1,1

3,8,0,1,8,3,0,2,2,8,8,3
8,0,1,8,3,0,2,2,8,8,3,1
0,1,8,3,0,2,2,8,8,3,1
1,8,3,0,2,2,8,8,3,1
8,3,0,2,2,8,8,3,1,1
3,0,2,2,8,8,3,1,1



0,1,0,1,1,0,0,1,1  3
0,1,0,1,1
0,1,0,1,1,0
0,1,0,1,1,0,0
1,0,1,1,0,0
0,1,1,0,0,1
1,1,0,0,1
1,0,0,1,1
